Date,Open,Close,Volume,Average
2000-09-01,277.0,273.6000061035156,4291,275.3000030517578
2000-11-01,263.8999938964844,270.1000061035156,32465,267.0
2000-12-01,269.70001220703125,272.0,1664,270.8500061035156
2001-01-01,268.3999938964844,265.6000061035156,17811,267.0
2001-02-01,266.29998779296875,266.79998779296875,1066,266.54998779296875
2001-03-01,265.20001220703125,257.8999938964844,31161,261.5500030517578
2001-05-01,264.3999938964844,265.29998779296875,32850,264.84999084472656
2001-06-01,264.70001220703125,270.6000061035156,1350,267.65000915527344
2001-08-01,266.20001220703125,274.3999938964844,1817,270.3000030517578
2001-09-01,271.6000061035156,292.3999938964844,3137,282.0
2001-10-01,291.79998779296875,279.5,893,285.6499938964844
2001-11-01,279.70001220703125,273.8999938964844,27949,276.8000030517578
2001-12-01,273.5,278.70001220703125,2157,276.1000061035156
2002-01-01,278.8999938964844,282.1000061035156,28613,280.5
2002-02-01,282.29998779296875,296.70001220703125,3964,289.5
2002-03-01,298.0,302.6000061035156,29465,300.3000030517578
2002-04-01,302.6000061035156,308.8999938964844,2226,305.75
2002-05-01,309.1000061035156,326.5,29743,317.8000030517578
2002-06-01,326.6000061035156,313.5,5817,320.0500030517578
2002-07-01,314.0,303.20001220703125,28530,308.6000061035156
2002-08-01,303.20001220703125,312.3999938964844,3256,307.8000030517578
2002-10-01,322.0,318.0,3849,320.0
2002-11-01,318.79998779296875,316.79998779296875,54551,317.79998779296875
2003-01-01,346.1000061035156,368.29998779296875,8298,357.1999969482422
2003-02-01,368.0,350.20001220703125,6928,359.1000061035156
2003-03-01,349.20001220703125,335.8999938964844,6100,342.5500030517578
2003-04-01,336.0,339.1000061035156,3097,337.5500030517578
2003-05-01,339.0,364.5,164025,351.75
2003-07-01,351.3999938964844,354.0,86330,352.6999969482422
2003-08-01,354.1000061035156,375.70001220703125,5743,364.90000915527344
2003-09-01,375.0,385.3999938964844,16207,380.1999969482422
2003-10-01,385.5,384.5,3594,385.0
2003-11-01,382.79998779296875,396.79998779296875,165003,389.79998779296875
2003-12-01,397.20001220703125,415.70001220703125,10267,406.45001220703125
2004-01-01,415.70001220703125,402.20001220703125,132663,408.95001220703125
2004-03-01,396.3999938964844,427.29998779296875,105746,411.84999084472656
2004-04-01,427.20001220703125,387.0,6579,407.1000061035156
2004-05-01,387.0,394.0,144835,390.5
2004-06-01,393.8999938964844,392.6000061035156,6207,393.25
2004-07-01,396.0,391.0,116575,393.5
2004-09-01,407.29998779296875,418.70001220703125,16144,413.0
2004-10-01,419.1000061035156,428.5,2646,423.8000030517578
2004-11-01,427.29998779296875,451.29998779296875,183608,439.29998779296875
2004-12-01,451.6000061035156,437.5,12728,444.5500030517578
2005-01-01,431.0,421.79998779296875,115342,426.3999938964844
2005-02-01,422.20001220703125,436.5,8468,429.3500061035156
2005-03-01,435.0,428.70001220703125,3171,431.8500061035156
2005-04-01,428.29998779296875,435.0,2579,431.6499938964844
2005-06-01,416.3999938964844,435.8999938964844,6950,426.1499938964844
2005-07-01,427.79998779296875,429.8999938964844,44574,428.84999084472656
2005-08-01,430.0,433.79998779296875,3085,431.8999938964844
2005-09-01,438.5,469.0,11805,453.75
2005-10-01,467.79998779296875,465.1000061035156,2106,466.4499969482422
2005-11-01,463.0,494.6000061035156,157642,478.8000030517578
2005-12-01,494.20001220703125,517.0999755859375,12240,505.6499938964844
2006-02-01,570.7999877929688,561.5999755859375,10165,566.1999816894531
2006-03-01,562.5,581.7999877929688,94801,572.1499938964844
2006-04-01,582.0,651.7999877929688,8121,616.8999938964844
2006-05-01,658.0,642.5,137161,650.25
2006-06-01,642.7999877929688,613.5,6197,628.1499938964844
2006-07-01,631.0,634.2000122070312,99344,632.6000061035156
2006-08-01,635.4000244140625,625.9000244140625,4608,630.6500244140625
2006-09-01,624.4000244140625,598.5999755859375,17592,611.5
2006-11-01,612.5,646.9000244140625,114115,629.7000122070312
2006-12-01,645.7000122070312,635.2000122070312,3823,640.4500122070312
2007-01-01,635.2000122070312,652.0,101525,643.6000061035156
2007-02-01,652.9000244140625,669.4000244140625,3981,661.1500244140625
2007-03-01,673.0,663.0,52996,668.0
2007-05-01,673.7000122070312,661.0,158741,667.3500061035156
2007-06-01,661.5,648.0999755859375,4027,654.7999877929688
2007-08-01,663.2000122070312,673.0,8547,668.1000061035156
2007-09-01,672.5,742.7999877929688,27393,707.6499938964844
2007-10-01,745.0999755859375,792.0,2720,768.5499877929688
2007-11-01,785.2999877929688,782.2000122070312,239351,783.75
2007-12-01,783.9000244140625,834.9000244140625,7681,809.4000244140625
2008-01-01,848.7000122070312,922.7000122070312,231851,885.7000122070312
2008-02-01,924.7999877929688,972.0999755859375,8233,948.4499816894531
2008-03-01,984.2000122070312,916.2000122070312,216432,950.2000122070312
2008-04-01,915.0,862.7999877929688,13006,888.8999938964844
2008-05-01,855.0,887.2999877929688,221797,871.1499938964844
2008-07-01,943.5999755859375,913.9000244140625,250610,928.75
2008-08-01,904.9000244140625,829.2999877929688,9253,867.1000061035156
2008-09-01,829.9000244140625,874.2000122070312,18800,852.0500183105469
2008-10-01,878.0,716.7999877929688,3365,797.3999938964844
2008-11-01,728.7999877929688,816.2000122070312,377779,772.5
2008-12-01,817.2000122070312,883.5999755859375,9599,850.3999938964844
2009-01-01,881.5,927.2999877929688,215420,904.3999938964844
2009-04-01,918.5999755859375,890.7000122070312,17300,904.6499938964844
2009-05-01,884.0,978.7999877929688,234559,931.3999938964844
2009-06-01,978.7999877929688,927.0999755859375,12773,952.9499816894531
2009-07-01,929.2999877929688,953.7000122070312,177420,941.5
2009-08-01,952.5999755859375,951.7000122070312,7492,952.1499938964844
2009-09-01,954.2000122070312,1008.0,15642,981.1000061035156
2009-10-01,1007.4000244140625,1039.699951171875,3699,1023.5499877929688
2009-12-01,1181.0,1095.199951171875,24177,1138.0999755859375
2010-01-01,1117.699951171875,1083.0,320664,1100.3499755859375
2010-02-01,1081.0,1118.300048828125,18209,1099.6500244140625
2010-03-01,1119.300048828125,1113.300048828125,222583,1116.300048828125
2010-04-01,1125.0999755859375,1180.0999755859375,10917,1152.5999755859375
2010-05-01,1178.5999755859375,1212.199951171875,361661,1195.3999633789062
2010-06-01,1224.800048828125,1245.5,16703,1235.1500244140625
2010-07-01,1206.300048828125,1181.699951171875,267525,1194.0
2010-09-01,1246.300048828125,1307.800048828125,33200,1277.050048828125
2010-10-01,1309.0,1357.0999755859375,3190,1333.0499877929688
2010-11-01,1360.300048828125,1385.0,245327,1372.6500244140625
2010-12-01,1386.800048828125,1421.0999755859375,16511,1403.9500122070312
2011-01-01,1415.5999755859375,1333.800048828125,299379,1374.7000122070312
2011-02-01,1333.0999755859375,1409.300048828125,14468,1371.2000122070312
2011-03-01,1415.300048828125,1438.9000244140625,194338,1427.1000366210938
2011-04-01,1433.4000244140625,1556.0,15801,1494.7000122070312
2011-06-01,1535.699951171875,1502.300048828125,15027,1519.0
2011-07-01,1502.199951171875,1628.300048828125,309932,1565.25
2011-08-01,1623.0,1828.5,25647,1725.75
2011-09-01,1825.800048828125,1620.4000244140625,31848,1723.1000366210938
2011-10-01,1627.800048828125,1724.199951171875,2715,1676.0
2011-11-01,1706.699951171875,1745.5,257009,1726.0999755859375
2011-12-01,1747.0,1565.800048828125,11311,1656.4000244140625
2012-02-01,1738.199951171875,1709.9000244140625,9587,1724.0499877929688
2012-03-01,1698.5999755859375,1669.300048828125,254540,1683.9500122070312
2012-05-01,1665.0,1562.5999755859375,345507,1613.7999877929688
2012-06-01,1560.0,1603.5,11162,1581.75
2012-08-01,1613.4000244140625,1684.5999755859375,11783,1649.0
2012-09-01,1689.0999755859375,1771.0999755859375,25557,1730.0999755859375
2012-10-01,1766.0,1717.5,2741,1741.75
2012-11-01,1722.300048828125,1710.9000244140625,345777,1716.6000366210938
2012-12-01,1714.9000244140625,1674.800048828125,7061,1694.8500366210938
2013-01-01,1672.800048828125,1660.5999755859375,197723,1666.7000122070312
2013-02-01,1663.9000244140625,1577.699951171875,11784,1620.7999877929688
2013-03-01,1579.5999755859375,1594.800048828125,223847,1587.2000122070312
2013-04-01,1596.800048828125,1472.199951171875,14648,1534.5
2013-05-01,1475.800048828125,1392.5999755859375,222108,1434.2000122070312
2013-06-01,1389.0999755859375,1223.800048828125,12739,1306.4500122070312
2013-07-01,1234.699951171875,1312.4000244140625,186170,1273.5499877929688
2013-08-01,1323.0,1396.0999755859375,10507,1359.5499877929688
2013-10-01,1328.0,1323.5999755859375,2723,1325.7999877929688
2013-11-01,1325.699951171875,1250.5999755859375,270667,1288.1499633789062
2014-01-01,1204.300048828125,1240.0999755859375,189701,1222.2000122070312
2014-02-01,1242.4000244140625,1321.4000244140625,11943,1281.9000244140625
2014-03-01,1335.9000244140625,1283.4000244140625,255794,1309.6500244140625
2014-04-01,1285.0999755859375,1295.5999755859375,8265,1290.3499755859375
2014-05-01,1288.699951171875,1245.5999755859375,211143,1267.1499633789062
2014-07-01,1326.699951171875,1281.300048828125,224607,1304.0
2014-08-01,1284.0999755859375,1285.800048828125,9633,1284.9500122070312
2014-09-01,1284.5,1210.5,27705,1247.5
2014-10-01,1207.699951171875,1171.0999755859375,4510,1189.3999633789062
2014-11-01,1166.4000244140625,1175.199951171875,299410,1170.7999877929688
2014-12-01,1160.0,1183.9000244140625,11140,1171.9500122070312
2015-01-01,1184.0,1278.5,258615,1231.25
2015-04-01,1182.9000244140625,1182.4000244140625,7838,1182.6500244140625
2015-05-01,1178.0999755859375,1189.4000244140625,258123,1183.75
2015-06-01,1190.5999755859375,1171.5,6252,1181.0499877929688
2015-07-01,1173.0999755859375,1094.9000244140625,216892,1134.0
2015-08-01,1095.5,1131.5999755859375,13251,1113.5499877929688
2015-09-01,1133.5,1115.5,9119,1124.5
2015-10-01,1115.199951171875,1141.5,4321,1128.3499755859375
2015-12-01,1064.5999755859375,1060.300048828125,10149,1062.4500122070312
2016-01-01,1063.4000244140625,1116.4000244140625,229558,1089.9000244140625
2016-02-01,1116.699951171875,1233.9000244140625,13930,1175.2999877929688
2016-03-01,1240.5,1234.199951171875,244751,1237.3499755859375
2016-04-01,1232.300048828125,1289.199951171875,9954,1260.75
2016-06-01,1215.699951171875,1318.4000244140625,13380,1267.0499877929688
2016-07-01,1324.5,1349.0,281653,1336.75
2016-08-01,1348.800048828125,1306.9000244140625,11854,1327.8500366210938
2016-09-01,1305.300048828125,1313.300048828125,18630,1309.300048828125
2016-10-01,1313.5,1271.5,5775,1292.5
2016-11-01,1279.300048828125,1170.800048828125,242622,1225.050048828125
2016-12-01,1172.699951171875,1150.0,9972,1161.3499755859375
2017-02-01,1211.9000244140625,1252.5999755859375,11087,1232.25
2017-03-01,1247.800048828125,1247.300048828125,251026,1247.550048828125
2017-04-01,1247.5,1266.0999755859375,9065,1256.7999877929688
2017-05-01,1268.699951171875,1272.0,404733,1270.3499755859375
2017-06-01,1268.0,1240.699951171875,8948,1254.3499755859375
2017-07-01,1236.0,1266.5999755859375,292633,1251.2999877929688
2017-08-01,1268.4000244140625,1316.199951171875,10098,1292.2999877929688
2017-09-01,1320.199951171875,1281.5,26808,1300.8499755859375
2017-11-01,1272.199951171875,1273.199951171875,326214,1272.699951171875
2017-12-01,1274.0999755859375,1306.300048828125,7596,1290.2000122070312
2018-01-01,1302.300048828125,1339.0,338322,1320.6500244140625
2018-02-01,1343.800048828125,1315.5,10243,1329.6500244140625
2018-03-01,1310.4000244140625,1322.800048828125,356297,1316.6000366210938
2018-05-01,1313.199951171875,1300.0999755859375,441893,1306.6499633789062
2018-06-01,1298.5999755859375,1251.300048828125,5166,1274.9500122070312
2018-08-01,1222.9000244140625,1200.300048828125,5996,1211.6000366210938
2018-09-01,1193.800048828125,1191.5,23406,1192.6500244140625
2018-10-01,1191.5999755859375,1212.300048828125,4126,1201.9500122070312
2018-11-01,1215.4000244140625,1220.199951171875,304805,1217.7999877929688
2018-12-01,1222.5,1278.300048828125,4402,1250.4000244140625
2019-01-01,1286.0,1319.699951171875,270998,1302.8499755859375
2019-02-01,1320.300048828125,1312.800048828125,7989,1316.550048828125
2019-03-01,1312.199951171875,1293.0,295700,1302.5999755859375
2019-04-01,1291.800048828125,1282.800048828125,6961,1287.300048828125
2019-05-01,1278.699951171875,1305.800048828125,248448,1292.25
2019-06-01,1307.0,1409.699951171875,6517,1358.3499755859375
2019-07-01,1386.5999755859375,1426.0999755859375,302051,1406.3499755859375
2019-08-01,1411.300048828125,1519.0999755859375,17142,1465.2000122070312
2019-10-01,1468.699951171875,1511.4000244140625,5233,1490.0499877929688
2019-11-01,1511.0,1465.5999755859375,443701,1488.2999877929688
2020-01-01,1518.0999755859375,1582.9000244140625,316262,1550.5
2020-02-01,1592.9000244140625,1564.0999755859375,9617,1578.5
2020-04-01,1570.0,1684.199951171875,14324,1627.0999755859375
2020-05-01,1686.5999755859375,1736.9000244140625,168568,1711.75
2020-06-01,1740.4000244140625,1793.0,16436,1766.7000122070312
2020-07-01,1793.5999755859375,1962.800048828125,246967,1878.2000122070312
2020-08-01,1984.300048828125,1967.5999755859375,11710,1975.9500122070312
2020-09-01,1961.699951171875,1887.5,17781,1924.5999755859375
2020-10-01,1884.0999755859375,1877.4000244140625,9613,1880.75
2020-12-01,1775.0,1893.0999755859375,12142,1834.0499877929688
2021-01-01,1912.199951171875,1847.300048828125,225930,1879.75
2021-02-01,1866.5999755859375,1728.0999755859375,16813,1797.3499755859375
2021-03-01,1737.0999755859375,1713.800048828125,167914,1725.4500122070312
2021-04-01,1706.800048828125,1767.300048828125,11366,1737.050048828125
2021-05-01,1788.5,1902.5,210133,1845.5
2021-06-01,1905.0999755859375,1770.800048828125,8466,1837.9500122070312
2021-07-01,1775.699951171875,1812.5999755859375,245814,1794.1499633789062
2021-09-01,1813.5,1755.300048828125,28543,1784.4000244140625
2021-10-01,1754.300048828125,1783.0,8208,1768.6500244140625
2021-11-01,1787.5,1773.5999755859375,221936,1780.5499877929688
2021-12-01,1774.800048828125,1827.5,10803,1801.1500244140625
2022-01-01,1830.0999755859375,1795.0,232014,1812.5499877929688
2022-02-01,1797.199951171875,1899.4000244140625,9510,1848.2999877929688
2022-03-01,1908.300048828125,1949.199951171875,157864,1928.75
2022-04-01,1935.0,1909.300048828125,7725,1922.1500244140625
2022-06-01,1831.0,1804.0999755859375,7851,1817.5499877929688
2022-07-01,1795.5,1762.9000244140625,194989,1779.2000122070312
2022-08-01,1763.9000244140625,1712.800048828125,11161,1738.3500366210938
2022-09-01,1707.9000244140625,1662.4000244140625,41586,1685.1500244140625
2022-10-01,1667.199951171875,1635.9000244140625,8817,1651.5499877929688
2022-11-01,1630.800048828125,1746.0,161813,1688.4000244140625
2022-12-01,1768.699951171875,1819.699951171875,9347,1794.199951171875
2023-02-01,1927.199951171875,1828.9000244140625,10398,1878.0499877929688
2023-03-01,1827.0999755859375,1969.0,104261,1898.0499877929688
2023-04-01,1968.0999755859375,1990.0999755859375,7282,1979.0999755859375
2023-05-01,1980.0999755859375,1963.9000244140625,215367,1972.0
2023-06-01,1963.199951171875,1921.0999755859375,6383,1942.1499633789062
2023-07-01,1917.9000244140625,1970.5,220474,1944.2000122070312
2023-08-01,1964.9000244140625,1938.199951171875,9086,1951.5499877929688
2023-09-01,1950.0,1848.0999755859375,19996,1899.0499877929688
2023-11-01,1990.5,2038.0999755859375,206040,2014.2999877929688
2023-12-01,2038.300048828125,2062.39990234375,8723,2050.3499755859375
2024-01-01,2063.5,2030.0,30921,2046.75
